{
  "advancedEditorSelectedIdentifier" : "ProjectBrowser",
  "openSceneRelativePaths" : [
    "Immersive.usda",
    "ModelScene.usda"
  ],
  "recentIdentifiers" : {

  },
  "sceneCameraHistory" : {
    "0AD8F76D-60FE-4774-8240-C807A55F03EC" : [
      {
        "date" : 731051552.598732,
        "title" : "Untitled",
        "transform" : [
          0.9998472,
          -1.5078225e-09,
          0.017484821,
          0,
          0.008899823,
          0.86076474,
          -0.50892526,
          0,
          -0.015050347,
          0.509003,
          0.86063313,
          0,
          -0.11398253,
          4.1969876,
          7.0997195,
          1
        ]
      },
      {
        "date" : 731051532.534807,
        "title" : "Untitled",
        "transform" : [
          0.9998472,
          -1.5078225e-09,
          0.017484821,
          0,
          0.008899822,
          0.8607646,
          -0.5089252,
          0,
          -0.015050347,
          0.509003,
          0.86063313,
          0,
          -0.09119667,
          3.3579824,
          5.6804404,
          1
        ]
      },
      {
        "date" : 731051528.473624,
        "title" : "Untitled",
        "transform" : [
          0.8497921,
          -1.3779093e-09,
          -0.5271177,
          0,
          -0.24440509,
          0.8860115,
          -0.39401734,
          0,
          0.4670324,
          0.46366313,
          0.7529257,
          0,
          3.0817215,
          3.0594878,
          4.968194,
          1
        ]
      },
      {
        "date" : 731051514.641349,
        "title" : "Untitled",
        "transform" : [
          0.99999994,
          0,
          0,
          0,
          0,
          0.8660254,
          -0.49999988,
          0,
          0,
          0.49999988,
          0.8660254,
          0,
          0,
          3.2992566,
          5.714484,
          1
        ]
      },
      {
        "date" : 731051512.454472,
        "title" : "Untitled",
        "transform" : [
          0.99999994,
          0,
          0,
          0,
          0,
          0.8660254,
          -0.49999988,
          0,
          0,
          0.49999988,
          0.8660254,
          0,
          0,
          3.132272,
          5.4252586,
          1
        ]
      },
      {
        "date" : 731051499.509114,
        "title" : "Untitled",
        "transform" : [
          0.99999994,
          0,
          0,
          0,
          0,
          0.8660254,
          -0.49999988,
          0,
          0,
          0.49999988,
          0.8660254,
          0,
          0,
          1.6533151,
          2.8636281,
          1
        ]
      },
      {
        "date" : 731051489.194894,
        "title" : "Untitled",
        "transform" : [
          0.99999994,
          0,
          0,
          0,
          0,
          0.8660254,
          -0.49999988,
          0,
          0,
          0.49999988,
          0.8660254,
          0,
          0,
          0.5268332,
          0.9125023,
          1
        ]
      },
      {
        "date" : 731050124.869001,
        "title" : "Untitled",
        "transform" : [
          0.99999994,
          0,
          0,
          0,
          0,
          0.8660254,
          -0.49999988,
          0,
          0,
          0.49999988,
          0.8660254,
          0,
          0,
          0.31534782,
          0.54619867,
          1
        ]
      },
      {
        "date" : 731050103.978338,
        "title" : "Untitled",
        "transform" : [
          0.99999994,
          0,
          -0,
          0,
          -0,
          0.8660254,
          -0.49999988,
          0,
          0,
          0.49999988,
          0.8660254,
          0,
          0,
          0.18066579,
          0.31292236,
          1
        ]
      }
    ],
    "AF09ED6F-1707-48FD-8720-65B998362C09" : [
      {
        "date" : 731049903.93677,
        "title" : "Untitled",
        "transform" : [
          0.99999994,
          0,
          -0,
          0,
          -0,
          0.86602527,
          -0.5000003,
          0,
          0,
          0.5000003,
          0.86602527,
          0,
          0,
          3.5232255,
          3.9850664,
          1
        ]
      }
    ]
  },
  "selectedSceneRelativePath" : "ModelScene.usda"
}